4.565891472868217
4.57984496124031
4.593798449612403
4.565891472868217
4.565891472868217
4.572868217054263
4.586821705426357
4.57984496124031
4.198295894655306
4.244961240310078
4.224031007751938
4.224031007751938
4.224031007751938
4.224031007751938
3.9558481797056544
3.9813953488372094
3.1356977640709327
2.9173553719008263
4.404141104294479
4.43778801843318
4.468917881811205
4.572868217054263
4.544961240310077
4.656589147286821
4.544961240310077
4.537984496124031
4.551937984496124
4.55891472868217
4.55891472868217
4.572868217054263
4.57984496124031
4.586821705426357
4.565891472868217
4.586821705426357
4.586821705426357
4.586821705426357
4.57984496124031
4.55891472868217
4.55891472868217
4.57984496124031
4.565891472868217
4.572868217054263
4.572868217054263
4.586821705426357
4.572868217054263
4.565891472868217
4.572868217054263
4.57984496124031
4.57984496124031
4.586821705426357
4.586821705426357
4.572868217054263
4.57984496124031
4.572868217054263
4.572868217054263
4.551937984496124
4.57984496124031
4.551937984496124
4.57984496124031
4.607751937984496
4.593798449612403
4.55891472868217
4.57984496124031
4.60077519379845
4.57984496124031
4.572868217054263
4.565891472868217
4.57984496124031
4.55891472868217
4.586821705426357
4.586821705426357
4.565891472868217
4.57984496124031
4.586821705426357
4.565891472868217
4.607751937984496
4.60077519379845
4.572868217054263
4.484756097560975
4.57984496124031
4.57984496124031
4.565891472868217
4.572868217054263
4.57984496124031
4.572868217054263
4.57984496124031
4.55891472868217
4.572868217054263
4.565891472868217
4.572868217054263
4.57984496124031
4.60077519379845
4.55891472868217
4.57984496124031
4.57984496124031
4.57984496124031
4.586821705426357
4.572868217054263
4.586821705426357
4.572868217054263
